00100000000100000000000001000011
00100000000010000000000000101100
00000010000010001000100000100000
00100000000010010000000000000010
00000010001010011001000000100010
00100000000100110000000001110000
00110010000101000000000001111001
00100000000010100000000111111111
00100000000010110000000001110010
00000001010010111010100000100100
00110001010101100000000001100011
00100000000010110000000001110010
00100000000011000000000001101000
00000010101010011011100000100010
00000010111010011011100000100010
00010010111011000000000000000001
00001000000000000000000000001110
10101100000100000000000000000000
10101100000100010000000000000100
10101100000100100000000000001000
10101100000100110000000000001100
10101100000101000000000000010000
10101100000101010000000000010100
10101100000101100000000000011000
10101100000101110000000000011100
00100000000100000000000000100000
00100000000100010000000001101001
00100000000100100000000001110011
00100000000100110000000001100011
10101100000100000000000000100000
10101100000100010000000000100100
10101100000100100000000000101000
10101100000100000000000000101100
10101100000100110000000000110000
00100000000010100000000001101111
00100000000010000000000000110000
00100000000010010000000000111100
00100001000010000000000000000100
10101101000010100000000000000000
00010001000010010000000000000001
00001000000000000000000000100101
00100000000100010000000001101100
00100000000100100000000000100001
10101100000100000000000001001000
00100000000100110000000000111010
00100000000101000000000001000100
10101100000100010000000001000000
10101100000100100000000001000100
10101100000100110000000001001100
10101100000101000000000001010000
